18
89
186
-94
-222
-304
-181
-64
-128
-199
-303
-69
-179
-79
-24
171
374
6
-370
117
402
297
203
118
94
-13
-240
-242
-234
-299
5
51
-327
-227
-37
197
549
755
779
647
-557
-1975
-2817
-3386
-2764
-1583
560
3018
4021
4045
2463
773
-974
-2781
-3496
-3188
-2070
-794
46
955
1270
1533
1739
1274
976
797
20
-771
-1289
-1506
-1674
-1384
-676
-417
-397
-322
53
615
66
-59
345
101
277
451
-26
-750
-1129
-832
-512
-325
-313
-156
-55
283
214
-67
-382
-85
82
-76
-741
-721
-329
-464
-317
-235
-328
168
-64
-602
-123
255
-291
-138
-167
-69
142
-96
-90
-561
-404
38
-257
-774
-339
-320
-509
-454
-588
-756
-766
-656
-202
-246
-368
-389
-267
-90
-367
-393
12
140
232
-97
-186
-11
-389
-283
-427
-580
-506
-136
102
-39
-251
-465
-262
-25
-368
-198
-170
-70
135
-105
-244
56
71
95
-179
74
-10
-137
-448
-611
-148
10
-73
-58
-58
-65
110
148
52
518
216
163
81
-375
-931
-1085
-918
-351
-144
-88
163
264
328
508
63
21
463
402
430
466
-172
-79
186
-133
-161
-341
-226
-144
451
436
376
337
403
210
-76
103
163
43
82
314
547
465
371
382
205
-304
-626
-688
-855
-356
372
655
364
220
422
739
442
681
360
-23
187
266
631
376
229
208
62
-196
-97
-142
-68
272
532
460
283
205
82
449
805
215
274
894
865
878
564
-104
31
366
-102
-577
-463
-89
-109
-142
-100
178
235
551
426
423
328
433
-159
-498
-191
1
-201
89
505
766
341
271
677
535
398
36
-517
-1920
-3942
-5631
-5247
-2581
2012
6990
11082
13690
12634
7373
1198
-4532
-8506
-9683
-8797
-6890
-4276
-2018
-412
929
2934
5002
5536
5406
4405
2431
281
-1389
-2759
-3273
-3360
-2558
-1526
-1234
-612
771
1155
1781
2363
2184
1628
1214
211
-247
-529
-1144
-1313
-1165
-766
-553
-164
452
783
869
1142
1113
701
377
262
-68
-656
-606
-75
63
408
394
666
578
234
110
129
-119
-524
-403
-307
-371
-409
-337
-70
4
-262
-120
-111
-16
236
173
-13
-45
-100
81
-379
-755
-107
271
72
-190
-593
-197
-55
-62
95
53
-320
85
324
66
-398
-425
-11
300
-78
-227
-54
268
805
555
-98
111
241
-747
-769
-432
-101
-137
-531
-565
-259
-186
171
85
-128
-212
-528
-306
112
-40
-124
-291
-216
-301
248
465
-117
-352
-259
-39
-61
-221
-466
-707
-114
344
-120
-164
-5
-30
-101
-211
-269
-490
-280
-176
-145
-128
-242
-151
-25
-112
-53
403
128
-612
-1012
-1726
-1760
-1424
-1012
-24
1201
2178
2583
2446
1792
1078
147
-558
-785
-635
-1106
-1301
-1071
-681
-377
-63
274
222
403
401
400
-147
-655
-919
-863
-804
-876
-663
-375
-392
273
460
188
237
210
-48
77
141
-86
-1
319
-235
-492
-711
-202
66
-204
-88